pos/image_2020-03-25_16.20.28_308.jpg 2 267 206 153 82 76 183 118 101
pos/image_2020-03-25_16.20.31_813.jpg 2 68 184 127 101 271 208 146 76
pos/image_2020-03-25_16.20.33_295.jpg 2 81 207 117 78 294 213 88 102
pos/image_2020-03-25_16.30.02_922.jpg 2 465 177 109 104 41 197 75 116
pos/image_2020-03-25_16.30.07_110.jpg 1 479 182 99 99
pos/image_2020-03-26_11.23.22_699.jpg 1 179 210 197 78
pos/image_2020-03-26_12.39.16_045.jpg 1 129 186 164 103
pos/image_2020-03-26_12.39.17_865.jpg 1 179 195 106 91
pos/image_2020-03-26_12.39.19_459.jpg 1 136 189 149 100
pos/image_2020-03-26_12.39.20_269.jpg 1 177 200 105 89
pos/image_2020-03-26_12.39.23_379.jpg 1 138 190 162 98
pos/image_2020-03-26_16.12.38_476.jpg 1 193 147 94 138
pos/image_2020-03-26_16.12.43_999.jpg 1 120 197 152 100
pos/image_2020-03-26_16.13.03_575.jpg 1 157 186 159 107
pos/image_2020-03-26_16.13.04_649.jpg 1 169 192 125 95
pos/image_2020-03-27_10.19.48_103.jpg 1 186 197 150 97
pos/image_2020-03-30_09.44.21_846.jpg 1 347 218 85 82
pos/image_2020-04-02_11.44.46_778.jpg 1 23 192 104 128
pos/image_2020-04-02_11.44.47_584.jpg 1 9 169 155 155
pos/image_2020-04-02_11.44.50_263.jpg 1 5 203 129 117
pos/image_2020-04-02_11.44.53_429.jpg 1 13 194 116 122
pos/image_2020-04-02_11.44.54_960.jpg 1 9 176 133 143
pos/image_2020-04-02_11.44.57_124.jpg 1 3 162 151 169
pos/image_2020-04-02_11.45.01_454.jpg 1 5 171 160 158
pos/image_2020-04-02_11.45.02_353.jpg 1 7 203 128 114
pos/image_2020-04-02_11.45.06_946.jpg 1 9 182 127 135
pos/image_2020-04-02_11.45.11_348.jpg 1 7 189 118 124
pos/image_2020-04-02_11.45.17_514.jpg 1 4 175 158 153
pos/image_2020-04-02_11.45.21_155.jpg 1 7 191 151 137
pos/image_2020-04-02_11.45.23_503.jpg 1 13 180 152 135
pos/image_2020-04-02_11.45.24_528.jpg 1 7 180 162 144
pos/image_2020-04-02_11.46.07_648.jpg 1 6 182 171 128
pos/image_2020-04-02_11.46.21_040.jpg 1 144 211 229 103
pos/image_2020-04-02_11.46.21_618.jpg 1 167 212 219 102
pos/image_2020-04-02_11.46.22_661.jpg 1 141 216 250 110
pos/image_2020-04-02_11.46.24_550.jpg 1 145 198 202 128
pos/image_2020-04-02_11.46.28_601.jpg 1 203 160 105 155
pos/image_2020-04-02_11.46.29_554.jpg 1 202 168 105 141
pos/image_2020-04-02_11.46.31_902.jpg 1 156 192 220 125
pos/image_2020-04-02_11.46.35_175.jpg 1 102 211 255 108
pos/image_2020-04-02_14.06.57_568.jpg 1 98 237 144 76
pos/image_2020-04-02_14.07.05_059.jpg 1 108 213 127 109
pos/image_2020-04-02_14.07.06_162.jpg 1 103 211 130 107
pos/image_2020-04-02_14.07.08_481.jpg 1 104 210 126 110
pos/image_2020-04-02_14.07.56_815.jpg 1 246 188 69 121
pos/image_2020-04-02_14.07.58_400.jpg 1 252 199 72 108
pos/image_2020-04-02_14.08.38_386.jpg 1 174 202 105 109
pos/image_2020-04-02_14.25.26_443.jpg 1 107 155 101 157
pos/image_2020-04-02_14.25.28_112.jpg 1 73 177 144 153
pos/image_2020-04-02_14.25.28_831.jpg 1 96 164 125 170
pos/image_2020-04-02_14.25.30_041.jpg 1 98 168 133 157
pos/image_2020-04-02_14.25.31_491.jpg 1 92 163 144 170
pos/image_2020-04-02_14.25.36_849.jpg 1 101 189 101 124
pos/image_2020-04-02_14.25.37_849.jpg 1 98 189 104 122
pos/image_2020-04-02_14.25.39_405.jpg 1 104 190 102 129
pos/image_2020-04-02_14.25.40_759.jpg 1 90 171 146 159
pos/image_2020-04-02_14.25.44_344.jpg 1 97 194 108 120
pos/image_2020-04-02_16.06.43_540.jpg 2 401 224 86 81 64 227 172 83
pos/image_2020-04-02_16.06.45_944.jpg 2 396 222 81 83 13 270 100 83
pos/image_2020-04-02_17.06.40_514.jpg 1 325 181 221 139
pos/image_2020-04-02_17.06.45_870.jpg 1 332 203 210 126
pos/image_2020-04-02_17.06.48_684.jpg 2 348 184 173 164 1 229 115 90
pos/image_2020-04-02_17.06.50_496.jpg 2 339 170 191 179 48 223 94 91
pos/image_2020-04-02_17.06.52_564.jpg 2 364 198 160 110 44 241 93 69
pos/image_2020-04-02_17.06.53_356.jpg 2 372 185 126 123 62 219 75 98
pos/image_2020-04-02_17.06.54_245.jpg 2 358 176 171 172 64 220 93 96
pos/image_2020-04-02_17.06.56_596.jpg 2 365 175 145 177 66 219 82 96
pos/image_2020-04-02_17.06.59_433.jpg 2 366 166 163 184 65 229 83 88
pos/image_2020-04-02_17.07.01_036.jpg 2 59 220 83 93 358 181 151 167
pos/image_2020-04-02_17.07.01_838.jpg 2 37 224 158 89 349 173 199 175
pos/image_2020-04-02_17.07.03_586.jpg 2 330 173 216 151 17 198 162 111
pos/image_2020-04-02_17.07.04_747.jpg 2 322 182 223 161 8 244 171 68
pos/image_2020-04-02_17.07.20_208.jpg 1 264 165 299 146
pos/image_2020-04-02_17.07.30_152.jpg 2 3 223 102 92 363 213 141 141
pos/image_2020-04-02_17.07.31_034.jpg 2 0 222 121 101 362 177 159 176
pos/image_2020-04-02_17.07.35_265.jpg 2 5 219 186 149 397 145 105 270
pos/image_2020-04-03_11.10.04_650.jpg 1 170 200 86 107
pos/image_2020-04-03_11.10.05_844.jpg 1 139 207 116 108
pos/image_2020-04-03_11.10.07_448.jpg 1 165 183 89 133
pos/image_2020-04-03_11.10.08_355.jpg 1 141 212 114 103
pos/image_2020-04-03_11.10.10_374.jpg 1 146 251 131 100
pos/image_2020-04-03_11.10.11_366.jpg 1 161 208 92 104
pos/image_2020-04-03_11.10.12_496.jpg 1 161 211 94 101
pos/image_2020-04-03_11.10.14_309.jpg 1 128 218 144 97
pos/image_2020-04-03_11.10.14_847.jpg 2 154 203 103 110 7 216 86 98
pos/image_2020-04-03_11.10.17_716.jpg 2 142 193 112 122 9 244 84 75
pos/image_2020-04-03_11.10.19_086.jpg 2 137 232 103 81 10 234 85 79
pos/image_2020-04-03_11.10.21_267.jpg 2 93 198 134 114 0 227 128 88
pos/image_2020-04-03_11.10.31_980.jpg 1 0 235 150 79
pos/image_2020-04-03_11.10.33_881.jpg 1 8 219 226 117
pos/image_2020-04-03_11.10.34_993.jpg 2 132 242 95 71 323 221 96 88
pos/image_2020-04-03_11.10.36_565.jpg 2 238 228 121 83 441 199 115 110
pos/image_2020-04-03_11.10.39_459.jpg 2 247 234 99 76 444 240 93 91
pos/image_2020-04-03_11.10.41_543.jpg 2 506 200 76 110 253 260 252 95
pos/image_2020-04-03_11.10.43_043.jpg 2 251 246 244 110 496 195 123 119
pos/image_2020-04-03_11.11.34_111.jpg 2 89 198 131 121 413 202 207 117
pos/image_2020-04-03_11.11.38_841.jpg 2 62 214 298 112 455 233 101 78
pos/image_2020-04-03_11.12.21_014.jpg 2 336 244 129 64 165 224 86 90
pos/image_2020-04-03_11.12.21_632.jpg 2 161 204 112 110 391 208 97 106
pos/image_2020-04-03_11.14.06_440.jpg 2 155 207 88 105 383 230 123 81
pos/image_2020-04-03_11.14.08_316.jpg 2 147 237 87 76 437 222 95 91
pos/image_2020-04-03_11.14.17_720.jpg 2 136 244 96 79 398 227 83 84
pos/image_2020-04-03_11.14.26_708.jpg 2 403 204 82 104 57 241 211 84
pos/image_2020-04-03_11.16.09_982.jpg 2 105 231 121 84 309 262 228 87
pos/image_2020-04-03_11.16.13_286.jpg 2 123 233 97 116 324 253 202 102
pos/image_2020-04-03_11.16.14_879.jpg 2 279 242 264 105 128 240 95 79
pos/image_2020-04-03_11.16.17_566.jpg 2 328 220 136 143 139 231 98 121
pos/image_2020-04-03_11.16.18_882.jpg 2 328 230 134 133 150 220 78 98
pos/image_2020-04-03_11.16.24_526.jpg 2 328 234 134 125 153 236 97 80
pos/image_2020-04-03_11.16.26_746.jpg 2 328 236 166 119 106 218 163 94
pos/image_2020-04-03_11.17.22_924.jpg 2 114 223 296 120 0 223 188 90
pos/image_2020-04-03_11.17.24_960.jpg 2 61 209 341 144 0 226 181 85
pos/image_2020-04-03_11.17.30_950.jpg 2 416 186 96 126 100 236 86 100
pos/image_2020-04-03_11.18.46_702.jpg 2 217 195 145 118 57 212 90 102
pos/image_2020-04-03_11.18.51_672.jpg 2 47 214 224 116 303 209 178 103
pos/motion_2020-03-19_15.54.25_647.jpg 1 88 254 92 114
pos/motion_2020-03-25_09.53.36_251.jpg 1 161 213 108 96
pos/motion_2020-03-25_09.53.48_166.jpg 1 122 226 148 82
pos/motion_2020-03-25_09.55.32_996.jpg 1 172 256 47 150
pos/motion_2020-03-25_10.19.00_519.jpg 1 244 174 85 108
pos/motion_2020-03-25_10.19.57_620.jpg 1 311 224 108 98
pos/motion_2020-03-25_10.22.24_903.jpg 1 199 244 124 76
pos/motion_2020-03-25_10.23.32_167.jpg 1 260 168 132 77
pos/motion_2020-03-25_10.24.24_095.jpg 1 185 236 96 166
pos/motion_2020-03-25_10.25.57_347.jpg 1 340 199 72 120
pos/motion_2020-03-25_10.26.34_865.jpg 1 291 213 79 103
pos/motion_2020-03-25_10.29.54_183.jpg 1 461 203 74 74
pos/motion_2020-03-25_10.30.58_506.jpg 1 170 196 142 94
pos/motion_2020-03-25_10.32.16_786.jpg 1 84 206 99 183
pos/motion_2020-03-25_10.35.26_950.jpg 1 183 123 158 140
pos/motion_2020-03-25_10.37.34_498.jpg 1 200 182 73 128
pos/motion_2020-03-25_10.42.44_239.jpg 1 292 227 58 174
pos/motion_2020-03-25_10.45.57_145.jpg 1 113 204 160 90
pos/motion_2020-03-25_12.04.50_718.jpg 1 250 190 61 87
pos/motion_2020-03-25_12.07.30_637.jpg 1 273 194 72 85
pos/motion_2020-03-25_12.10.02_829.jpg 1 372 238 67 67
pos/motion_2020-03-25_13.13.57_760.jpg 1 399 197 109 86
pos/motion_2020-03-25_13.14.13_233.jpg 1 298 228 97 45
pos/motion_2020-03-25_13.52.48_662.jpg 1 371 233 93 180
pos/motion_2020-03-25_13.52.59_753.jpg 1 430 141 103 139
pos/motion_2020-03-25_13.53.43_964.jpg 2 183 179 112 59 475 156 137 124
pos/motion_2020-03-25_13.54.19_143.jpg 1 455 199 114 111
pos/motion_2020-03-25_13.54.34_866.jpg 1 439 156 198 152
pos/motion_2020-03-25_16.01.00_035.jpg 1 91 278 168 131
pos/motion_2020-03-25_16.02.07_530.jpg 1 336 190 85 92
pos/motion_2020-03-25_16.02.20_097.jpg 1 354 170 128 211
pos/motion_2020-03-25_16.11.58_748.jpg 1 369 235 61 126
pos/motion_2020-03-25_16.20.08_480.jpg 2 76 218 74 93 257 210 189 101
pos/motion_2020-03-25_16.20.20_700.jpg 2 268 209 101 81 80 222 83 90
pos/motion_2020-03-25_16.20.33_549.jpg 2 304 211 72 72 61 212 133 98
pos/motion_2020-03-25_16.28.56_814.jpg 1 170 226 175 158
pos/motion_2020-03-25_16.29.12_626.jpg 1 155 227 71 173
pos/motion_2020-03-25_16.29.27_690.jpg 1 326 182 86 97
pos/motion_2020-03-25_16.29.44_817.jpg 1 306 153 143 125
pos/motion_2020-03-25_16.30.01_756.jpg 2 299 202 76 53 481 182 81 98
pos/motion_2020-03-25_16.30.14_039.jpg 1 431 186 142 98