pos/image_2020-03-25_16.20.28_308.jpg 2 267 206 153 82 76 183 118 101
pos/image_2020-03-25_16.20.31_813.jpg 2 68 184 127 101 271 208 146 76
pos/image_2020-03-25_16.20.33_295.jpg 2 81 207 117 78 294 213 88 102
pos/image_2020-03-25_16.30.02_922.jpg 2 465 177 109 104 41 197 75 85
pos/image_2020-03-25_16.30.07_110.jpg 1 479 182 99 99
pos/image_2020-03-26_11.23.22_699.jpg 1 204 210 172 78
pos/image_2020-03-26_12.39.16_045.jpg 1 165 186 128 103
pos/image_2020-03-26_12.39.17_865.jpg 1 195 195 90 91
pos/image_2020-03-26_12.39.19_459.jpg 1 175 189 110 100
pos/image_2020-03-26_12.39.20_269.jpg 1 177 200 105 89
pos/image_2020-03-26_12.39.23_379.jpg 1 174 190 126 98
pos/image_2020-03-26_16.12.38_476.jpg 1 193 147 94 138
pos/image_2020-03-26_16.12.43_999.jpg 1 161 197 111 100
pos/image_2020-03-26_16.13.03_575.jpg 1 152 186 111 95
pos/image_2020-03-26_16.13.04_649.jpg 1 169 192 112 95
pos/image_2020-03-27_10.19.48_103.jpg 1 186 197 129 97
pos/image_2020-03-30_09.44.21_846.jpg 1 347 218 85 82
pos/image_2020-04-02_11.44.46_778.jpg 1 23 192 104 122
pos/image_2020-04-02_11.44.47_584.jpg 1 9 169 155 143
pos/image_2020-04-02_11.44.50_263.jpg 1 5 203 129 117
pos/image_2020-04-02_11.44.53_429.jpg 1 13 194 116 122
pos/image_2020-04-02_11.44.54_960.jpg 1 9 176 133 143
pos/image_2020-04-02_11.44.57_124.jpg 1 16 164 123 152
pos/image_2020-04-02_11.45.01_454.jpg 1 16 171 138 143
pos/image_2020-04-02_11.45.02_353.jpg 1 19 204 114 108
pos/image_2020-04-02_11.45.06_946.jpg 1 14 182 122 130
pos/image_2020-04-02_11.45.11_348.jpg 1 7 189 118 124
pos/image_2020-04-02_11.45.17_514.jpg 1 13 175 140 137
pos/image_2020-04-02_11.45.21_155.jpg 1 18 188 135 125
pos/image_2020-04-02_11.45.23_503.jpg 1 15 180 149 135
pos/image_2020-04-02_11.45.24_528.jpg 1 7 180 154 129
pos/image_2020-04-02_11.46.07_648.jpg 1 6 182 166 128
pos/image_2020-04-02_11.46.21_040.jpg 1 172 211 200 97
pos/image_2020-04-02_11.46.21_618.jpg 1 179 212 196 97
pos/image_2020-04-02_11.46.22_661.jpg 1 188 218 188 90
pos/image_2020-04-02_11.46.24_550.jpg 1 191 198 156 110
pos/image_2020-04-02_11.46.28_601.jpg 1 203 160 105 146
pos/image_2020-04-02_11.46.29_554.jpg 1 202 168 105 141
pos/image_2020-04-02_11.46.31_902.jpg 1 185 192 187 114
pos/image_2020-04-02_11.46.35_175.jpg 1 123 211 156 99
pos/image_2020-04-02_14.06.57_568.jpg 1 112 237 126 74
pos/image_2020-04-02_14.07.05_059.jpg 1 110 213 125 98
pos/image_2020-04-02_14.07.06_162.jpg 1 117 211 116 99
pos/image_2020-04-02_14.07.08_481.jpg 1 116 210 113 103
pos/image_2020-04-02_14.07.56_815.jpg 1 246 188 69 121
pos/image_2020-04-02_14.07.58_400.jpg 1 252 199 72 108
pos/image_2020-04-02_14.08.38_386.jpg 1 174 202 105 109
pos/image_2020-04-02_14.25.26_443.jpg 1 107 155 101 157
pos/image_2020-04-02_14.25.28_112.jpg 1 100 177 117 132
pos/image_2020-04-02_14.25.28_831.jpg 1 100 164 121 147
pos/image_2020-04-02_14.25.30_041.jpg 1 98 168 130 142
pos/image_2020-04-02_14.25.31_491.jpg 1 102 163 135 150
pos/image_2020-04-02_14.25.36_849.jpg 1 101 189 101 124
pos/image_2020-04-02_14.25.37_849.jpg 1 98 189 104 122
pos/image_2020-04-02_14.25.39_405.jpg 1 104 190 102 121
pos/image_2020-04-02_14.25.40_759.jpg 1 101 175 129 135
pos/image_2020-04-02_14.25.44_344.jpg 1 97 194 108 120
pos/image_2020-04-02_16.06.43_540.jpg 2 401 224 86 81 64 227 137 83
pos/image_2020-04-02_16.06.45_944.jpg 2 396 222 81 83 22 270 92 83
pos/image_2020-04-02_17.06.40_514.jpg 1 325 181 221 127
pos/image_2020-04-02_17.06.45_870.jpg 1 332 203 210 106
pos/image_2020-04-02_17.06.48_684.jpg 2 364 184 157 124 1 229 115 87
pos/image_2020-04-02_17.06.50_496.jpg 2 357 170 173 138 48 223 94 91
pos/image_2020-04-02_17.06.52_564.jpg 2 364 198 160 110 44 241 93 69
pos/image_2020-04-02_17.06.53_356.jpg 2 372 185 126 123 62 219 75 98
pos/image_2020-04-02_17.06.54_245.jpg 2 372 176 157 132 64 220 93 96
pos/image_2020-04-02_17.06.56_596.jpg 2 365 175 145 131 66 219 82 96
pos/image_2020-04-02_17.06.59_433.jpg 2 366 166 163 140 65 229 83 88
pos/image_2020-04-02_17.07.01_036.jpg 2 59 220 83 93 372 181 138 128
pos/image_2020-04-02_17.07.01_838.jpg 2 37 224 124 89 349 173 199 136
pos/image_2020-04-02_17.07.03_586.jpg 2 339 173 207 136 68 198 112 111
pos/image_2020-04-02_17.07.04_747.jpg 2 338 182 207 125 55 244 124 68
pos/image_2020-04-02_17.07.20_208.jpg 1 372 165 190 140
pos/image_2020-04-02_17.07.30_152.jpg 2 3 223 102 92 363 213 141 96
pos/image_2020-04-02_17.07.31_034.jpg 2 0 222 121 101 362 177 159 176
pos/image_2020-04-02_17.07.35_265.jpg 2 5 219 149 135 397 145 105 161
pos/image_2020-04-03_11.10.04_650.jpg 1 170 200 86 107
pos/image_2020-04-03_11.10.05_844.jpg 1 139 207 116 108
pos/image_2020-04-03_11.10.07_448.jpg 1 165 183 89 133
pos/image_2020-04-03_11.10.08_355.jpg 1 141 212 114 103
pos/image_2020-04-03_11.10.10_374.jpg 1 146 251 131 100
pos/image_2020-04-03_11.10.11_366.jpg 1 161 208 92 104
pos/image_2020-04-03_11.10.12_496.jpg 2 161 211 94 101 327 244 36 63
pos/image_2020-04-03_11.10.14_309.jpg 1 128 218 144 97
pos/image_2020-04-03_11.10.14_847.jpg 2 154 203 103 110 7 216 86 98
pos/image_2020-04-03_11.10.17_716.jpg 2 142 193 112 122 9 244 84 75
pos/image_2020-04-03_11.10.19_086.jpg 2 137 232 103 81 10 234 85 79
pos/image_2020-04-03_11.10.21_267.jpg 2 93 198 134 114 0 227 128 88
pos/image_2020-04-03_11.10.31_980.jpg 1 18 235 132 79
pos/image_2020-04-03_11.10.33_881.jpg 1 30 235 193 78
pos/image_2020-04-03_11.10.34_993.jpg 2 141 242 86 71 323 221 96 88
pos/image_2020-04-03_11.10.36_565.jpg 2 242 228 117 83 441 199 115 110
pos/image_2020-04-03_11.10.39_459.jpg 2 247 234 99 76 444 240 93 91
pos/image_2020-04-03_11.10.41_543.jpg 2 506 200 76 110 319 268 186 87
pos/image_2020-04-03_11.10.43_043.jpg 2 315 256 180 100 496 195 123 119
pos/image_2020-04-03_11.11.34_111.jpg 2 89 198 131 117 455 202 164 104
pos/image_2020-04-03_11.11.38_841.jpg 2 155 230 183 83 455 233 101 78
pos/image_2020-04-03_11.12.21_014.jpg 2 336 244 129 64 165 224 86 90
pos/image_2020-04-03_11.12.21_632.jpg 2 161 204 112 110 391 208 97 106
pos/image_2020-04-03_11.14.06_440.jpg 2 155 207 88 105 407 230 100 81
pos/image_2020-04-03_11.14.08_316.jpg 2 147 243 87 70 437 231 95 82
pos/image_2020-04-03_11.14.17_720.jpg 2 136 244 96 79 398 227 83 84
pos/image_2020-04-03_11.14.26_708.jpg 2 403 204 82 104 57 241 181 76
pos/image_2020-04-03_11.16.09_982.jpg 2 105 231 121 84 309 262 173 87
pos/image_2020-04-03_11.16.13_286.jpg 2 123 233 97 116 324 253 157 102
pos/image_2020-04-03_11.16.14_879.jpg 2 279 242 220 105 128 240 95 79
pos/image_2020-04-03_11.16.17_566.jpg 2 328 220 136 143 139 231 98 121
pos/image_2020-04-03_11.16.18_882.jpg 2 328 230 134 133 150 220 78 98
pos/image_2020-04-03_11.16.24_526.jpg 2 328 234 134 125 153 236 97 80
pos/image_2020-04-03_11.16.26_746.jpg 2 328 236 166 119 106 218 163 94
pos/image_2020-04-03_11.17.22_924.jpg 2 179 223 231 120 0 223 188 90
pos/image_2020-04-03_11.17.24_960.jpg 2 178 209 224 144 0 226 181 85
pos/image_2020-04-03_11.17.30_950.jpg 2 416 193 96 119 100 236 86 100
pos/image_2020-04-03_11.18.46_702.jpg 2 217 213 109 83 57 212 90 102
pos/image_2020-04-03_11.18.51_672.jpg 2 58 238 167 79 342 209 139 103
pos/motion_2020-03-19_15.54.25_647.jpg 1 88 260 92 107
pos/motion_2020-03-25_09.53.36_251.jpg 1 161 213 108 96
pos/motion_2020-03-25_09.53.48_166.jpg 1 122 226 135 82
pos/motion_2020-03-25_09.55.32_996.jpg 1 172 256 47 148
pos/motion_2020-03-25_10.19.00_519.jpg 1 244 174 85 108
pos/motion_2020-03-25_10.19.57_620.jpg 1 311 224 108 98
pos/motion_2020-03-25_10.22.24_903.jpg 1 199 244 102 76
pos/motion_2020-03-25_10.23.32_167.jpg 1 260 168 132 77
pos/motion_2020-03-25_10.24.24_095.jpg 1 188 236 79 76
pos/motion_2020-03-25_10.25.57_347.jpg 1 340 199 72 79
pos/motion_2020-03-25_10.26.34_865.jpg 1 291 213 79 103
pos/motion_2020-03-25_10.29.54_183.jpg 1 461 203 74 74
pos/motion_2020-03-25_10.30.58_506.jpg 1 184 196 121 83
pos/motion_2020-03-25_10.32.16_786.jpg 1 93 206 77 101
pos/motion_2020-03-25_10.35.26_950.jpg 1 183 123 158 140
pos/motion_2020-03-25_10.37.34_498.jpg 1 200 182 73 96
pos/motion_2020-03-25_10.42.44_239.jpg 1 292 227 58 90
pos/motion_2020-03-25_10.45.57_145.jpg 1 113 204 160 90
pos/motion_2020-03-25_12.04.50_718.jpg 1 250 190 61 87
pos/motion_2020-03-25_12.07.30_637.jpg 1 273 194 72 85
pos/motion_2020-03-25_12.10.02_829.jpg 1 372 238 55 41
pos/motion_2020-03-25_13.13.57_760.jpg 1 399 197 109 86
pos/motion_2020-03-25_13.14.13_233.jpg 1 298 228 97 45
pos/motion_2020-03-25_13.52.48_662.jpg 1 397 233 67 79
pos/motion_2020-03-25_13.52.59_753.jpg 1 430 162 87 102
pos/motion_2020-03-25_13.53.43_964.jpg 2 190 191 94 48 475 156 137 124
pos/motion_2020-03-25_13.54.19_143.jpg 1 455 206 114 104
pos/motion_2020-03-25_13.54.34_866.jpg 1 464 156 142 126
pos/motion_2020-03-25_16.01.00_035.jpg 1 91 298 139 111
pos/motion_2020-03-25_16.02.07_530.jpg 1 336 190 79 92
pos/motion_2020-03-25_16.02.20_097.jpg 1 378 237 103 144
pos/motion_2020-03-25_16.11.58_748.jpg 1 369 235 61 81
pos/motion_2020-03-25_16.20.08_480.jpg 2 76 218 74 63 276 210 170 101
pos/motion_2020-03-25_16.20.20_700.jpg 2 268 209 101 71 80 222 83 90
pos/motion_2020-03-25_16.20.33_549.jpg 2 304 211 72 72 85 212 109 72
pos/motion_2020-03-25_16.28.56_814.jpg 1 177 226 168 56
pos/motion_2020-03-25_16.29.12_626.jpg 1 155 227 71 81
pos/motion_2020-03-25_16.29.27_690.jpg 1 326 182 86 97
pos/motion_2020-03-25_16.29.44_817.jpg 1 330 153 118 112
pos/motion_2020-03-25_16.30.01_756.jpg 2 303 208 73 47 481 182 81 98
pos/motion_2020-03-25_16.30.14_039.jpg 1 431 186 142 89
pos/motion_2020-03-30_11.28.00_019.jpg 1 79 188 203 117
pos/motion_2020-03-30_11.35.48_327.jpg 1 448 201 94 99
pos/motion_2020-03-30_11.36.06_408.jpg 1 451 215 91 80
pos/motion_2020-03-30_12.19.57_792.jpg 1 289 230 70 74
pos/motion_2020-03-30_13.24.41_352.jpg 1 319 168 155 131
pos/motion_2020-03-30_13.25.03_599.jpg 1 333 175 165 126
pos/motion_2020-03-30_13.25.16_473.jpg 1 330 149 163 154
pos/motion_2020-03-30_13.25.30_360.jpg 1 326 200 192 102
pos/motion_2020-03-30_13.25.48_112.jpg 1 318 176 200 125
pos/motion_2020-03-30_13.26.05_220.jpg 1 335 158 199 141
pos/motion_2020-03-30_13.26.42_211.jpg 1 318 191 148 110
pos/motion_2020-03-30_13.26.57_956.jpg 1 337 165 122 134
pos/motion_2020-03-30_16.45.27_284.jpg 1 221 218 78 84
pos/motion_2020-03-30_18.35.49_249.jpg 1 219 182 162 122
pos/motion_2020-03-30_18.38.31_370.jpg 2 164 186 183 116 439 153 164 148
pos/motion_2020-03-30_18.39.21_099.jpg 2 161 183 199 119 437 151 153 150
pos/motion_2020-03-30_18.39.32_886.jpg 2 187 170 177 132 448 157 121 147
pos/motion_2020-03-30_18.40.13_936.jpg 2 189 173 160 129 453 160 121 142
pos/motion_2020-03-30_18.40.31_553.jpg 2 172 166 185 140 454 188 127 116
pos/motion_2020-03-30_18.40.50_428.jpg 1 181 177 191 125
pos/motion_2020-03-30_18.41.04_872.jpg 1 204 171 169 131
pos/motion_2020-03-30_18.41.23_812.jpg 1 179 169 209 138
pos/motion_2020-03-31_09.32.01_154.jpg 1 316 212 83 91
pos/motion_2020-04-02_15.19.44_217.jpg 1 381 222 90 82
pos/motion_2020-04-02_15.20.24_558.jpg 1 481 212 116 92
pos/motion_2020-04-02_15.20.37_698.jpg 1 504 212 70 91
pos/motion_2020-04-02_15.21.06_884.jpg 1 500 218 72 84
pos/motion_2020-04-02_15.23.18_838.jpg 1 453 221 99 78
pos/motion_2020-04-02_15.23.30_548.jpg 1 457 205 94 96
pos/motion_2020-04-02_15.23.48_337.jpg 1 445 210 104 91
pos/motion_2020-03-30_09.44.49_957.jpg 1 121 235 82 99
pos/motion_2020-03-30_09.45.03_181.jpg 1 120 203 127 98
pos/motion_2020-03-30_11.00.23_091.jpg 1 231 215 76 87
pos/motion_2020-03-30_11.01.47_338.jpg 1 436 211 73 87
pos/motion_2020-03-30_11.15.59_251.jpg 1 87 212 171 86
pos/motion_2020-03-30_11.18.07_401.jpg 1 243 216 90 85
pos/motion_2020-03-30_11.27.22_858.jpg 1 344 210 76 89
